accuracy: 0.7022058963775635
balanced_accuracy: 0.6431217193603516
csi: 0.31063829787234043
f1: 0.6331668496131897
far: 0.1657142857142857
hss: 0.316649155387723
pod: 0.3310657596371882
tss: 0.2862435030684092
