accuracy: 0.5851648449897766
balanced_accuracy: 0.5886268615722656
csi: 0.21354166666666666
f1: 0.5234403610229492
far: 0.75
hss: 0.11605017690575747
pod: 0.5942028985507246
tss: 0.17725374600835186
