accuracy: 0.7986270189285278
balanced_accuracy: 0.7833071947097778
f1: 0.7872632741928101
far: 0.20137299771167047
hss: 0.597254004576659
pod: 0.7986270022883295
csi: 0.6647619047619048
tss: 0.597254004576659
