accuracy: 0.776562511920929
f1: 0.7403615117073059
