accuracy: 0.776562511920929
f1: 0.7304508090019226
