accuracy: 0.7671874761581421
balanced_accuracy: 0.7551431655883789
f1: 0.7549537420272827
far: 0.2328125
hss: 0.534375
pod: 0.7671875
csi: 0.6223067173637515
tss: 0.534375
