accuracy: 0.7328125238418579
f1: 0.6958849430084229
