accuracy: 0.7606444358825684
balanced_accuracy: 0.762865424156189
f1: 0.7560701370239258
far: 0.23935558112773303
hss: 0.5212888377445339
pod: 0.760644418872267
csi: 0.6137418755803157
tss: 0.5212888377445339
