accuracy: 0.8020594716072083
balanced_accuracy: 0.7968205809593201
f1: 0.7952842712402344
far: 0.19794050343249428
hss: 0.6041189931350115
pod: 0.8020594965675057
csi: 0.6695319961795606
tss: 0.6041189931350115
