accuracy: 0.768750011920929
balanced_accuracy: 0.7525666952133179
f1: 0.7537411451339722
far: 0.23125
hss: 0.5375
pod: 0.76875
csi: 0.6243654822335025
tss: 0.5375000000000001
