accuracy: 0.8104045987129211
balanced_accuracy: 0.8037031888961792
csi: 0.7248322147651006
f1: 0.8034243583679199
far: 0.15789473684210525
hss: 0.6068508716015852
pod: 0.8388349514563107
tss: 0.6074063800277392
