accuracy: 0.7860412001609802
balanced_accuracy: 0.769070029258728
csi: 0.7050473186119873
f1: 0.77332603931427
far: 0.2003577817531306
hss: 0.5475113372720779
pod: 0.8563218390804598
tss: 0.5381400208986415
