mae: 1.4700345673190895e-05
mse: 5.012664505699149e-09
