mae: 1.4832495253358502e-05
mse: 5.0172572763074186e-09
