mae: 1.5584910215693526e-05
mse: 5.2273136930125474e-09
