mae: 1.558491203468293e-05
mse: 5.227314137101757e-09
