mae: 1.4886241842759773e-05
mse: 5.018085502683789e-09
