accuracy: 0.5251716375350952
balanced_accuracy: 0.4173506498336792
csi: 0.3560899922420481
f1: 0.39507314562797546
far: 0.4748283752860412
hss: 0.36689549961861173
pod: 0.5251716247139588
tss: 0.3668954996186118
