mae: 1.5424149751197547e-05
mse: 5.1088462349468955e-09
