accuracy: 0.789595365524292
balanced_accuracy: 0.8017891645431519
csi: 0.6761565836298933
f1: 0.7879148125648499
far: 0.11007025761124122
hss: 0.580209055517039
pod: 0.7378640776699029
tss: 0.6035783633841887
