accuracy: 0.8092485666275024
balanced_accuracy: 0.8063938617706299
csi: 0.7193877551020408
f1: 0.8036549091339111
far: 0.14717741935483872
hss: 0.607504778142918
pod: 0.8213592233009709
tss: 0.6127877947295424
