accuracy: 0.8231213688850403
balanced_accuracy: 0.8230790495872498
csi: 0.7348353552859619
f1: 0.8186380863189697
far: 0.12757201646090535
hss: 0.6376938554827053
pod: 0.8233009708737864
tss: 0.6461581137309294
