accuracy: 0.732536792755127
balanced_accuracy: 0.7216894626617432
csi: 0.5017123287671232
f1: 0.7220842838287354
far: 0.32798165137614677
hss: 0.4441807227223572
pod: 0.6643990929705216
tss: 0.44337900023481835
