accuracy: 0.7389705777168274
balanced_accuracy: 0.7231281995773315
csi: 0.49823321554770317
f1: 0.7256194353103638
far: 0.3071253071253071
hss: 0.4518016499600816
pod: 0.6394557823129252
tss: 0.44625640055094684
