accuracy: 0.7871853709220886
balanced_accuracy: 0.773266077041626
f1: 0.7761566042900085
far: 0.2128146453089245
hss: 0.5743707093821511
pod: 0.7871853546910755
csi: 0.6490566037735849
tss: 0.5743707093821511
