accuracy: 0.7986270189285278
balanced_accuracy: 0.7796064019203186
f1: 0.7852675318717957
far: 0.19649122807017544
hss: 0.571912013536379
pod: 0.8773946360153256
csi: 0.722397476340694
tss: 0.5592128178335074
