accuracy: 0.7940503358840942
balanced_accuracy: 0.7859522104263306
f1: 0.7859522104263306
far: 0.20594965675057209
hss: 0.5881006864988558
pod: 0.7940503432494279
csi: 0.6584440227703985
tss: 0.5881006864988558
