accuracy: 0.788329541683197
auroc: 0.8652663230895996
balanced_accuracy: 0.7760742902755737
csi: 0.7030497592295345
f1: 0.7781746983528137
far: 0.18738404452690166
hss: 0.5565252689263244
pod: 0.8390804597701149
tss: 0.5521486415882966
