accuracy: 0.7929061651229858
balanced_accuracy: 0.7854568958282471
f1: 0.7850587368011475
far: 0.20709382151029748
hss: 0.585812356979405
pod: 0.7929061784897025
csi: 0.656872037914692
tss: 0.5858123569794049
