accuracy: 0.7837528586387634
balanced_accuracy: 0.7777941226959229
f1: 0.7763509750366211
far: 0.21624713958810068
hss: 0.5675057208237986
pod: 0.7837528604118993
csi: 0.6444026340545626
tss: 0.5675057208237986
