accuracy: 0.782608687877655
balanced_accuracy: 0.7800744771957397
f1: 0.7765427827835083
far: 0.16532258064516128
hss: 0.5534917237596395
pod: 0.7931034482758621
csi: 0.6854304635761589
tss: 0.5601489028213167
