accuracy: 0.7871853709220886
balanced_accuracy: 0.7746538519859314
f1: 0.7768608331680298
far: 0.18888888888888888
hss: 0.553920115907669
pod: 0.8390804597701149
csi: 0.7019230769230769
tss: 0.5493077324973876
