accuracy: 0.7940503358840942
balanced_accuracy: 0.791503369808197
f1: 0.7881382703781128
far: 0.1566265060240964
hss: 0.5766050897816819
pod: 0.8045977011494253
csi: 0.7
tss: 0.5830067920585162
