accuracy: 0.5011441707611084
balanced_accuracy: 0.43270716071128845
f1: 0.3986193835735321
far: 0.4988558352402746
hss: 0.3348588863463005
pod: 0.5011441647597255
csi: 0.33435114503816793
tss: 0.33485888634630046
