accuracy: 0.42677345871925354
balanced_accuracy: 0.4571264386177063
csi: 0.2712727272727273
f1: 0.35546526312828064
far: 0.5732265446224256
hss: 0.23569794050343248
pod: 0.4267734553775744
tss: 0.2356979405034325
