accuracy: 0.493135005235672
balanced_accuracy: 0.3936982750892639
f1: 0.3694469928741455
far: 0.5068649885583524
hss: 0.32418001525553014
pod: 0.4931350114416476
csi: 0.32725892179195143
tss: 0.3241800152555303
