accuracy: 0.52173912525177
balanced_accuracy: 0.4186590015888214
f1: 0.38985389471054077
far: 0.4782608695652174
hss: 0.36231884057971014
pod: 0.5217391304347826
csi: 0.35294117647058826
tss: 0.36231884057971
