accuracy: 0.4759725332260132
balanced_accuracy: 0.39488887786865234
f1: 0.3635103702545166
far: 0.5240274599542334
hss: 0.3012967200610221
pod: 0.4759725400457666
csi: 0.3123123123123123
tss: 0.30129672006102215
