accuracy: 0.5400457382202148
balanced_accuracy: 0.41093480587005615
f1: 0.3926563858985901
far: 0.459954233409611
hss: 0.38672768878718533
pod: 0.540045766590389
csi: 0.36990595611285265
tss: 0.38672768878718555
