accuracy: 0.527459979057312
balanced_accuracy: 0.4173375368118286
f1: 0.3995937705039978
far: 0.47254004576659037
hss: 0.3699466056445461
pod: 0.5274599542334096
csi: 0.3581973581973582
tss: 0.3699466056445462
