accuracy: 0.5240274667739868
balanced_accuracy: 0.4210478365421295
f1: 0.4088543653488159
far: 0.4759725400457666
hss: 0.36536994660564454
pod: 0.5240274599542334
csi: 0.3550387596899225
tss: 0.36536994660564437
