accuracy: 0.8943396210670471
balanced_accuracy: 0.8950986862182617
csi: 0.8120805369127517
f1: 0.8943020105361938
far: 0.08333333333333333
hss: 0.7887123412495016
pod: 0.8768115942028986
tss: 0.7901974209745521
