accuracy: 0.6687306761741638
balanced_accuracy: 0.6140353679656982
f1: 0.5791813135147095
far: 0.1431924882629108
hss: 0.17950239779687574
pod: 0.7046332046332047
csi: 0.6303972366148531
tss: 0.22807070463320467
