accuracy: 0.6888545155525208
auroc: 0.6808336973190308
balanced_accuracy: 0.6354066133499146
csi: 0.6510416666666666
f1: 0.5996003746986389
far: 0.13394919168591224
hss: 0.21665319320937754
pod: 0.7239382239382239
tss: 0.27081322393822393
